 0.0000000000000000E+00  0.8703123614173994E-01
 0.4000000000000000E+00  0.8918303433308214E-01
 0.8000000000000000E+00  0.9598210755598620E-01
 0.1200000000000000E+01  0.1075409154961426E+00
 0.1600000000000000E+01  0.1225664430042004E+00
 0.2000000000000000E+01  0.1387714938498212E+00
 0.2400000000000000E+01  0.1541530801281307E+00
 0.2800000000000000E+01  0.1676091039588592E+00
 0.3200000000000000E+01  0.1788056501383565E+00
 0.3600000000000000E+01  0.1878365391244612E+00
 0.4000000000000000E+01  0.1949644292193877E+00
 0.4400000000000000E+01  0.2004859559647710E+00
 0.4800000000000001E+01  0.2046776276781374E+00
 0.5200000000000000E+01  0.2077739461767032E+00
 0.5600000000000001E+01  0.2099605647505849E+00
 0.6000000000000000E+01  0.2113861748099338E+00
 0.6400000000000000E+01  0.2121769057835248E+00
 0.6800000000000001E+01  0.2124390338177804E+00
 0.7200000000000000E+01  0.2122558475987927E+00
 0.7600000000000001E+01  0.2116935094175573E+00
 0.8000000000000000E+01  0.2108130172758535E+00
 0.8400000000000000E+01  0.2096774491334845E+00
 0.8800000000000001E+01  0.2083417199444731E+00
 0.9200000000000001E+01  0.2068581705757363E+00
 0.9600000000000001E+01  0.2052753949831200E+00
 0.1000000000000000E+02  0.2036380188533148E+00
 0.1040000000000000E+02  0.2019824598251238E+00
 0.1080000000000000E+02  0.2003383528468760E+00
 0.1120000000000000E+02  0.1987339320435686E+00
 0.1160000000000000E+02  0.1971894667675745E+00
 0.1200000000000000E+02  0.1957189548451018E+00
 0.1240000000000000E+02  0.1943308391159510E+00
 0.1280000000000000E+02  0.1930295554691901E+00
 0.1320000000000000E+02  0.1918155227889983E+00
 0.1360000000000000E+02  0.1906851422154892E+00
 0.1400000000000000E+02  0.1896340556629074E+00
 0.1440000000000000E+02  0.1886561973598353E+00
 0.1480000000000000E+02  0.1877442097703943E+00
 0.1520000000000000E+02  0.1868927919646828E+00
 0.1560000000000000E+02  0.1860992355562199E+00
 0.1600000000000000E+02  0.1853592661635174E+00
 0.1640000000000000E+02  0.1846674834682693E+00
 0.1680000000000000E+02  0.1840178925446722E+00
 0.1720000000000000E+02  0.1834064203727470E+00
 0.1760000000000000E+02  0.1828307686571607E+00
 0.1800000000000000E+02  0.1822882134755534E+00
 0.1840000000000000E+02  0.1817766133505728E+00
 0.1880000000000000E+02  0.1812956860345407E+00
 0.1920000000000000E+02  0.1808455360173595E+00
 0.1960000000000000E+02  0.1804227551974239E+00
 0.2000000000000000E+02  0.1800222830911610E+00
 0.2040000000000000E+02  0.1796427332644108E+00
 0.2080000000000000E+02  0.1792844625371818E+00
 0.2120000000000000E+02  0.1789466286457020E+00
 0.2160000000000000E+02  0.1786286405074239E+00
 0.2200000000000000E+02  0.1783315856579342E+00
 0.2240000000000000E+02  0.1780548150688558E+00
 0.2280000000000000E+02  0.1777967418659533E+00
 0.2320000000000000E+02  0.1775555754813218E+00
 0.2360000000000000E+02  0.1773296420585059E+00
 0.2400000000000000E+02  0.1771196285629141E+00
 0.2440000000000000E+02  0.1769268649399308E+00
 0.2480000000000000E+02  0.1767510357802778E+00
 0.2520000000000000E+02  0.1765908808278610E+00
 0.2560000000000000E+02  0.1764445596297604E+00
 0.2600000000000000E+02  0.1763110050638659E+00
 0.2640000000000000E+02  0.1761914704838732E+00
 0.2680000000000000E+02  0.1760872435491957E+00
 0.2720000000000000E+02  0.1759970163846321E+00
 0.2760000000000000E+02  0.1759192466750394E+00
 0.2800000000000000E+02  0.1758540450702041E+00
 0.2840000000000000E+02  0.1758018401271073E+00
 0.2880000000000000E+02  0.1757615464354305E+00
 0.2920000000000000E+02  0.1757314598242358E+00
 0.2960000000000000E+02  0.1757112598878675E+00
 0.3000000000000000E+02  0.1757011388959024E+00
 0.3040000000000000E+02  0.1757006975398693E+00
 0.3080000000000000E+02  0.1757088082563332E+00
 0.3120000000000000E+02  0.1757248924658089E+00
 0.3160000000000000E+02  0.1757490703252026E+00
 0.3200000000000000E+02  0.1757805421054658E+00
 0.3240000000000000E+02  0.1758180543284200E+00
 0.3280000000000000E+02  0.1758608384169034E+00
 0.3320000000000000E+02  0.1759086835413561E+00
 0.3360000000000000E+02  0.1759609447532591E+00
 0.3400000000000000E+02  0.1760165643907454E+00
 0.3440000000000000E+02  0.1760744152196061E+00
 0.3480000000000000E+02  0.1761342628055347E+00
 0.3520000000000000E+02  0.1761959898745296E+00
 0.3560000000000000E+02  0.1762590380626697E+00
 0.3600000000000000E+02  0.1763231090589001E+00
 0.3640000000000000E+02  0.1763877144073408E+00
 0.3680000000000000E+02  0.1764517243095599E+00
 0.3720000000000000E+02  0.1765140078118351E+00
 0.3760000000000000E+02  0.1765744744572573E+00
 0.3800000000000000E+02  0.1766338470712810E+00
 0.3840000000000001E+02  0.1766916556491359E+00
 0.3880000000000000E+02  0.1767463265810307E+00
 0.3920000000000000E+02  0.1767973901751307E+00
 0.3960000000000000E+02  0.1768451311462995E+00
 0.4000000000000000E+02  0.1768901199332986E+00
 0.4040000000000001E+02  0.1769330882731510E+00
 0.4080000000000000E+02  0.1769741336036912E+00
 0.4120000000000000E+02  0.1770126082359812E+00
 0.4160000000000000E+02  0.1770477413416323E+00
 0.4200000000000000E+02  0.1770794102636230E+00
 0.4240000000000001E+02  0.1771076804910209E+00
 0.4280000000000000E+02  0.1771330656498689E+00
 0.4320000000000000E+02  0.1771557125542678E+00
 0.4360000000000000E+02  0.1771748981890616E+00
 0.4400000000000000E+02  0.1771903092815315E+00
 0.4440000000000001E+02  0.1772020055075601E+00
 0.4480000000000000E+02  0.1772108325683870E+00
 0.4520000000000000E+02  0.1772176063289661E+00
 0.4560000000000000E+02  0.1772223310366118E+00
 0.4600000000000000E+02  0.1772256931851028E+00
 0.4640000000000001E+02  0.1772277346217485E+00
 0.4680000000000000E+02  0.1772275595310825E+00
 0.4720000000000000E+02  0.1772250107510434E+00
 0.4760000000000000E+02  0.1772211792526640E+00
 0.4800000000000000E+02  0.1772166122474634E+00
 0.4840000000000001E+02  0.1772106940778346E+00
 0.4880000000000000E+02  0.1772034093627800E+00
 0.4920000000000000E+02  0.1771938268255655E+00
 0.4960000000000000E+02  0.1771814144887616E+00
 0.5000000000000000E+02  0.1771675724846132E+00
 0.5040000000000001E+02  0.1771535467208190E+00
 0.5080000000000000E+02  0.1771401418357017E+00
 0.5120000000000000E+02  0.1771274076964821E+00
 0.5160000000000000E+02  0.1771144298148798E+00
 0.5200000000000000E+02  0.1770999747487659E+00
 0.5240000000000001E+02  0.1770841963911501E+00
 0.5280000000000000E+02  0.1770682588142864E+00
 0.5320000000000000E+02  0.1770524038481208E+00
 0.5360000000000000E+02  0.1770363535811696E+00
 0.5400000000000000E+02  0.1770199567087904E+00
 0.5440000000000001E+02  0.1770031795492622E+00
 0.5480000000000000E+02  0.1769865457401339E+00
 0.5520000000000000E+02  0.1769698829669212E+00
 0.5560000000000000E+02  0.1769531096474775E+00
 0.5600000000000000E+02  0.1769371628467532E+00
 0.5640000000000001E+02  0.1769226573720575E+00
 0.5680000000000000E+02  0.1769088946203857E+00
 0.5720000000000000E+02  0.1768944860409191E+00
 0.5760000000000000E+02  0.1768795327326438E+00
 0.5800000000000000E+02  0.1768643216126248E+00
 0.5840000000000001E+02  0.1768496730091337E+00
 0.5880000000000000E+02  0.1768364222522205E+00
 0.5920000000000000E+02  0.1768236275640212E+00
 0.5960000000000000E+02  0.1768111873858947E+00
 0.6000000000000000E+02  0.1767990559415429E+00
 0.6040000000000001E+02  0.1767867396201555E+00
 0.6080000000000000E+02  0.1767747490716525E+00
 0.6120000000000000E+02  0.1767631817321978E+00
 0.6160000000000000E+02  0.1767518708032113E+00
 0.6200000000000000E+02  0.1767405873864483E+00
 0.6240000000000001E+02  0.1767298022723366E+00
 0.6280000000000000E+02  0.1767194499950025E+00
 0.6320000000000000E+02  0.1767096161711391E+00
 0.6360000000000000E+02  0.1767010043013785E+00
 0.6400000000000000E+02  0.1766933411982982E+00
 0.6440000000000001E+02  0.1766853091699761E+00
 0.6480000000000000E+02  0.1766760791601824E+00
 0.6520000000000000E+02  0.1766663935181915E+00
 0.6560000000000001E+02  0.1766568974237574E+00
 0.6600000000000000E+02  0.1766482132054182E+00
 0.6640000000000001E+02  0.1766407588606562E+00
 0.6680000000000000E+02  0.1766341746223221E+00
 0.6720000000000000E+02  0.1766273523102798E+00
 0.6760000000000001E+02  0.1766199331514784E+00
 0.6800000000000000E+02  0.1766124622344239E+00
 0.6840000000000001E+02  0.1766051686064414E+00
 0.6880000000000000E+02  0.1765981274388733E+00
 0.6920000000000000E+02  0.1765916144749113E+00
 0.6960000000000001E+02  0.1765862079329009E+00
 0.7000000000000000E+02  0.1765810908892389E+00
 0.7040000000000001E+02  0.1765747656937716E+00
 0.7080000000000000E+02  0.1765679662159333E+00
 0.7120000000000000E+02  0.1765620546943321E+00
 0.7160000000000001E+02  0.1765571110088573E+00
 0.7200000000000000E+02  0.1765517091145821E+00
 0.7240000000000001E+02  0.1765451284251449E+00
 0.7280000000000000E+02  0.1765382623813695E+00
 0.7320000000000000E+02  0.1765320520555121E+00
 0.7360000000000001E+02  0.1765270069207727E+00
 0.7400000000000000E+02  0.1765229506601295E+00
 0.7440000000000001E+02  0.1765190509685118E+00
 0.7480000000000000E+02  0.1765142186218139E+00
 0.7520000000000000E+02  0.1765084415298240E+00
 0.7560000000000001E+02  0.1765025717036766E+00
 0.7600000000000000E+02  0.1764972014883602E+00
 0.7640000000000001E+02  0.1764924488730807E+00
 0.7680000000000001E+02  0.1764881131615447E+00
 0.7720000000000000E+02  0.1764837128895679E+00
 0.7760000000000001E+02  0.1764780436642145E+00
 0.7800000000000000E+02  0.1764712159151444E+00
 0.7840000000000001E+02  0.1764647602066981E+00
 0.7880000000000001E+02  0.1764592589873099E+00
 0.7920000000000000E+02  0.1764538540300416E+00
 0.7960000000000001E+02  0.1764487121636101E+00
 0.8000000000000000E+02  0.1764437743477959E+00
 0.8040000000000001E+02  0.1764378238812191E+00
 0.8080000000000001E+02  0.1764313204471014E+00
 0.8120000000000000E+02  0.1764260029627734E+00
 0.8160000000000001E+02  0.1764218747241204E+00
 0.8200000000000000E+02  0.1764172690467162E+00
 0.8240000000000001E+02  0.1764119275498115E+00
 0.8280000000000001E+02  0.1764067459875204E+00
 0.8320000000000000E+02  0.1764015868016517E+00
 0.8360000000000001E+02  0.1763963165684774E+00
 0.8400000000000000E+02  0.1763911326864130E+00
 0.8440000000000001E+02  0.1763854199951156E+00
 0.8480000000000001E+02  0.1763797057539680E+00
 0.8520000000000000E+02  0.1763743832416509E+00
 0.8560000000000001E+02  0.1763689042860020E+00
 0.8600000000000000E+02  0.1763636047546444E+00
 0.8640000000000001E+02  0.1763586857858208E+00
 0.8680000000000001E+02  0.1763534964512079E+00
 0.8720000000000000E+02  0.1763484855846028E+00
 0.8760000000000001E+02  0.1763439513445851E+00
 0.8800000000000000E+02  0.1763392941667768E+00
 0.8840000000000001E+02  0.1763345787802446E+00
 0.8880000000000001E+02  0.1763301448221671E+00
 0.8920000000000000E+02  0.1763259008598507E+00
 0.8960000000000001E+02  0.1763213487706255E+00
 0.9000000000000000E+02  0.1763162390304838E+00
 0.9040000000000001E+02  0.1763116738883913E+00
 0.9080000000000001E+02  0.1763077433278956E+00
 0.9120000000000000E+02  0.1763030631533436E+00
 0.9160000000000001E+02  0.1762987238322885E+00
 0.9200000000000000E+02  0.1762959545155278E+00
 0.9240000000000001E+02  0.1762930199613472E+00
 0.9280000000000001E+02  0.1762885571962332E+00
 0.9320000000000000E+02  0.1762833148719282E+00
 0.9360000000000001E+02  0.1762780475885426E+00
 0.9400000000000000E+02  0.1762736492338522E+00
 0.9440000000000001E+02  0.1762702116192569E+00
 0.9480000000000001E+02  0.1762669373598145E+00
 0.9520000000000000E+02  0.1762633826342731E+00
 0.9560000000000001E+02  0.1762590854452182E+00
 0.9600000000000000E+02  0.1762540170392566E+00
 0.9640000000000001E+02  0.1762487650259514E+00
 0.9680000000000001E+02  0.1762448397233417E+00
 0.9720000000000000E+02  0.1762426560730870E+00
 0.9760000000000001E+02  0.1762403951295709E+00
 0.9800000000000000E+02  0.1762361142907136E+00
 0.9840000000000001E+02  0.1762306788001951E+00
 0.9880000000000001E+02  0.1762259638737163E+00
 0.9920000000000000E+02  0.1762226505946306E+00
 0.9960000000000001E+02  0.1762198295231892E+00
 0.1000000000000000E+03  0.1762168335359597E+00
 0.1004000000000000E+03  0.1762138086351049E+00
 0.1008000000000000E+03  0.1762106349424851E+00
 0.1012000000000000E+03  0.1762077436080934E+00
 0.1016000000000000E+03  0.1762052998294446E+00
 0.1020000000000000E+03  0.1762020305276474E+00
 0.1024000000000000E+03  0.1761980341238721E+00
 0.1028000000000000E+03  0.1761946610386216E+00
 0.1032000000000000E+03  0.1761923144782951E+00
 0.1036000000000000E+03  0.1761905770699847E+00
 0.1040000000000000E+03  0.1761888399217417E+00
 0.1044000000000000E+03  0.1761882432218345E+00
 0.1048000000000000E+03  0.1761893978542345E+00
 0.1052000000000000E+03  0.1761921387718793E+00
 0.1056000000000000E+03  0.1761996145782436E+00
 0.1060000000000000E+03  0.1762168448806211E+00
 0.1064000000000000E+03  0.1762531319092303E+00
 0.1068000000000000E+03  0.1763304037922794E+00
 0.1072000000000000E+03  0.1764949697679634E+00
 0.1076000000000000E+03  0.1768352089124620E+00
 0.1080000000000000E+03  0.1775279236215780E+00
 0.1084000000000000E+03  0.1788028806831434E+00
 0.1088000000000000E+03  0.1810157325953146E+00
 0.1092000000000000E+03  0.1837454608332296E+00
 0.1096000000000000E+03  0.1887625457392638E+00
 0.1100000000000000E+03  0.1969055656303974E+00
 0.1104000000000000E+03  0.2094002143199198E+00
 0.1108000000000000E+03  0.2277806791330277E+00
 0.1112000000000000E+03  0.2537557287407808E+00
 0.1116000000000000E+03  0.2889810589957433E+00
 0.1120000000000000E+03  0.3347208341150262E+00
 0.1124000000000000E+03  0.3913732926041701E+00
 0.1128000000000000E+03  0.4577685821511366E+00
 0.1132000000000000E+03  0.5301959867746396E+00
 0.1136000000000000E+03  0.6017283886225345E+00
 0.1140000000000000E+03  0.6634341842805923E+00
 0.1144000000000000E+03  0.7082298822679320E+00
 0.1148000000000000E+03  0.7343545871467984E+00
 0.1152000000000000E+03  0.7449112838673961E+00
 0.1156000000000000E+03  0.7448203414156611E+00
 0.1160000000000000E+03  0.7384491347468982E+00
 0.1164000000000000E+03  0.7288487712538090E+00
 0.1168000000000000E+03  0.7181478506484098E+00
 0.1172000000000000E+03  0.7074634421525435E+00
 0.1176000000000000E+03  0.6965939882534977E+00
 0.1180000000000000E+03  0.6861076815841922E+00
 0.1184000000000000E+03  0.6762070607489264E+00
 0.1188000000000000E+03  0.6669497381385946E+00
 0.1192000000000000E+03  0.6583283045706373E+00
 0.1196000000000000E+03  0.6503093812464219E+00
 0.1200000000000000E+03  0.6428513251336548E+00
 0.1204000000000000E+03  0.6359116843762542E+00
 0.1208000000000000E+03  0.6294500792808245E+00
 0.1212000000000000E+03  0.6234291543451759E+00
 0.1216000000000000E+03  0.6178147405660374E+00
 0.1220000000000000E+03  0.6125757081551167E+00
 0.1224000000000000E+03  0.6076837140372732E+00
 0.1228000000000000E+03  0.6031129298077599E+00
 0.1232000000000000E+03  0.5988397834348246E+00
 0.1236000000000000E+03  0.5948427254287924E+00
 0.1240000000000000E+03  0.5911020211041262E+00
 0.1244000000000000E+03  0.5875995672608879E+00
 0.1248000000000000E+03  0.5843187306484137E+00
 0.1252000000000000E+03  0.5812442054913117E+00
 0.1256000000000000E+03  0.5783618875772518E+00
 0.1260000000000000E+03  0.5756587627058629E+00
 0.1264000000000000E+03  0.5731228075966872E+00
 0.1268000000000000E+03  0.5707429016241096E+00
 0.1272000000000000E+03  0.5685087479820644E+00
 0.1276000000000000E+03  0.5664108030825107E+00
 0.1280000000000000E+03  0.5644402131629870E+00
 0.1284000000000000E+03  0.5625887572241742E+00
 0.1288000000000000E+03  0.5608487955420691E+00
 0.1292000000000000E+03  0.5592132231043385E+00
 0.1296000000000000E+03  0.5576754274094556E+00
 0.1300000000000000E+03  0.5562292501426892E+00
 0.1304000000000000E+03  0.5548689523070224E+00
 0.1308000000000000E+03  0.5535891824414124E+00
 0.1312000000000000E+03  0.5523849476050395E+00
 0.1316000000000000E+03  0.5512515868456493E+00
 0.1320000000000000E+03  0.5501847469038972E+00
 0.1324000000000000E+03  0.5491803599346710E+00
 0.1328000000000000E+03  0.5482346230514655E+00
 0.1332000000000000E+03  0.5473439795216432E+00
 0.1336000000000000E+03  0.5465051014593389E+00
 0.1340000000000000E+03  0.5457148738792912E+00
 0.1344000000000000E+03  0.5449703799893439E+00
 0.1348000000000000E+03  0.5442688876120698E+00
 0.1352000000000000E+03  0.5436078366371436E+00
 0.1356000000000000E+03  0.5429848274159677E+00
 0.1360000000000000E+03  0.5423976100187790E+00
 0.1364000000000000E+03  0.5418440742822163E+00
 0.1368000000000000E+03  0.5413222405821984E+00
 0.1372000000000000E+03  0.5408302512731019E+00
 0.1376000000000000E+03  0.5403663627396879E+00
 0.1380000000000000E+03  0.5399289380131223E+00
 0.1384000000000000E+03  0.5395164399068137E+00
 0.1388000000000000E+03  0.5391274246317276E+00
 0.1392000000000000E+03  0.5387605358543647E+00
 0.1396000000000000E+03  0.5384144991637871E+00
 0.1400000000000000E+03  0.5380881169169374E+00
 0.1404000000000000E+03  0.5377802634340983E+00
 0.1408000000000000E+03  0.5374898805186892E+00
 0.1412000000000000E+03  0.5372159732777189E+00
 0.1416000000000000E+03  0.5369576062211545E+00
 0.1420000000000000E+03  0.5367138996202138E+00
 0.1424000000000000E+03  0.5364840261061897E+00
 0.1428000000000000E+03  0.5362672074928704E+00
 0.1432000000000000E+03  0.5360627118069459E+00
 0.1436000000000000E+03  0.5358698505120023E+00
 0.1440000000000000E+03  0.5356879759128186E+00
 0.1444000000000000E+03  0.5355164787276877E+00
 0.1448000000000000E+03  0.5353547858174226E+00
 0.1452000000000000E+03  0.5352023580605527E+00
 0.1456000000000000E+03  0.5350586883650067E+00
 0.1460000000000000E+03  0.5349232998072911E+00
 0.1464000000000000E+03  0.5347957438908429E+00
 0.1468000000000000E+03  0.5346755989158398E+00
 0.1472000000000000E+03  0.5345624684533189E+00
 0.1476000000000000E+03  0.5344559799169702E+00
 0.1480000000000000E+03  0.5343557832264534E+00
 0.1484000000000000E+03  0.5342615495565304E+00
 0.1488000000000000E+03  0.5341729701667149E+00
 0.1492000000000000E+03  0.5340897553065237E+00
 0.1496000000000000E+03  0.5340116331917630E+00
 0.1500000000000000E+03  0.5339383490476171E+00
 0.1504000000000000E+03  0.5338696642146046E+00
 0.1508000000000000E+03  0.5338053553137559E+00
 0.1512000000000000E+03  0.5337452134676263E+00
 0.1516000000000000E+03  0.5336890435740075E+00
 0.1520000000000000E+03  0.5336366636294292E+00
 0.1524000000000000E+03  0.5335879040997562E+00
 0.1528000000000000E+03  0.5335426073353905E+00
 0.1532000000000000E+03  0.5335006270287735E+00
 0.1536000000000000E+03  0.5334618277120632E+00
 0.1540000000000000E+03  0.5334260842930252E+00
 0.1544000000000000E+03  0.5333932816273369E+00
 0.1548000000000000E+03  0.5333633141256483E+00
 0.1552000000000000E+03  0.5333360853938883E+00
 0.1556000000000000E+03  0.5333115079054335E+00
 0.1560000000000000E+03  0.5332895027038858E+00
 0.1564000000000000E+03  0.5332699991353261E+00
 0.1568000000000000E+03  0.5332529346090262E+00
 0.1572000000000000E+03  0.5332382543857094E+00
 0.1576000000000000E+03  0.5332259113925601E+00
 0.1580000000000000E+03  0.5332158660642849E+00
 0.1584000000000000E+03  0.5332080862096236E+00
 0.1588000000000000E+03  0.5332025469028090E+00
 0.1592000000000000E+03  0.5331992303995695E+00
 0.1596000000000000E+03  0.5331981260773556E+00
