 0.0000000000000000E+00  0.7185860691609994E-01
 0.4000000000000000E+00  0.7415161347321850E-01
 0.8000000000000000E+00  0.7566468574941548E-01
 0.1200000000000000E+01  0.7735645571063281E-01
 0.1600000000000000E+01  0.8094739477183865E-01
 0.2000000000000000E+01  0.8679357346509479E-01
 0.2400000000000000E+01  0.9424522257090177E-01
 0.2800000000000000E+01  0.1023428009379864E+00
 0.3200000000000000E+01  0.1103014364618563E+00
 0.3600000000000000E+01  0.1176304748651989E+00
 0.4000000000000000E+01  0.1240878422260150E+00
 0.4400000000000000E+01  0.1295916429270045E+00
 0.4800000000000001E+01  0.1341575599844453E+00
 0.5200000000000000E+01  0.1378572285702901E+00
 0.5600000000000001E+01  0.1407908028132710E+00
 0.6000000000000000E+01  0.1430653046488129E+00
 0.6400000000000000E+01  0.1447820760960002E+00
 0.6800000000000001E+01  0.1460383248106311E+00
 0.7200000000000000E+01  0.1469244712734675E+00
 0.7600000000000001E+01  0.1475187118409556E+00
 0.8000000000000000E+01  0.1478815742095064E+00
 0.8400000000000000E+01  0.1480715238714300E+00
 0.8800000000000001E+01  0.1481279723828002E+00
 0.9200000000000001E+01  0.1480870849272441E+00
 0.9600000000000001E+01  0.1479758325064547E+00
 0.1000000000000000E+02  0.1478159363073850E+00
 0.1040000000000000E+02  0.1476231438790597E+00
 0.1080000000000000E+02  0.1474091868039442E+00
 0.1120000000000000E+02  0.1471843363775221E+00
 0.1160000000000000E+02  0.1469519936675948E+00
 0.1200000000000000E+02  0.1467189544013835E+00
 0.1240000000000000E+02  0.1464879023011525E+00
 0.1280000000000000E+02  0.1462591489629460E+00
 0.1320000000000000E+02  0.1460358563875102E+00
 0.1360000000000000E+02  0.1458168178486611E+00
 0.1400000000000000E+02  0.1456017983776206E+00
 0.1440000000000000E+02  0.1453898044772893E+00
 0.1480000000000000E+02  0.1451845300779177E+00
 0.1520000000000000E+02  0.1449854714335375E+00
 0.1560000000000000E+02  0.1447907279157897E+00
 0.1600000000000000E+02  0.1446001953585005E+00
 0.1640000000000000E+02  0.1444134531975824E+00
 0.1680000000000000E+02  0.1442308728954966E+00
 0.1720000000000000E+02  0.1440539823043310E+00
 0.1760000000000000E+02  0.1438817585303750E+00
 0.1800000000000000E+02  0.1437150014314237E+00
 0.1840000000000000E+02  0.1435525274468140E+00
 0.1880000000000000E+02  0.1433934488103404E+00
 0.1920000000000000E+02  0.1432389731402927E+00
 0.1960000000000000E+02  0.1430879936831754E+00
 0.2000000000000000E+02  0.1429404584345459E+00
 0.2040000000000000E+02  0.1427970830424441E+00
 0.2080000000000000E+02  0.1426580630713309E+00
 0.2120000000000000E+02  0.1425217261011513E+00
 0.2160000000000000E+02  0.1423883850374644E+00
 0.2200000000000000E+02  0.1422595734146390E+00
 0.2240000000000000E+02  0.1421357538379403E+00
 0.2280000000000000E+02  0.1420165064017893E+00
 0.2320000000000000E+02  0.1418994989054539E+00
 0.2360000000000000E+02  0.1417867509635108E+00
 0.2400000000000000E+02  0.1416767577635610E+00
 0.2440000000000000E+02  0.1415721248849598E+00
 0.2480000000000000E+02  0.1414723062214936E+00
 0.2520000000000000E+02  0.1413765942455603E+00
 0.2560000000000000E+02  0.1412851626585302E+00
 0.2600000000000000E+02  0.1411974727410057E+00
 0.2640000000000000E+02  0.1411143097711057E+00
 0.2680000000000000E+02  0.1410355777621864E+00
 0.2720000000000000E+02  0.1409616259360017E+00
 0.2760000000000000E+02  0.1408906917637768E+00
 0.2800000000000000E+02  0.1408221370439680E+00
 0.2840000000000000E+02  0.1407591952636899E+00
 0.2880000000000000E+02  0.1407008856017456E+00
 0.2920000000000000E+02  0.1406466611758485E+00
 0.2960000000000000E+02  0.1405965996475436E+00
 0.3000000000000000E+02  0.1405520175638898E+00
 0.3040000000000000E+02  0.1405125644071150E+00
 0.3080000000000000E+02  0.1404779101048500E+00
 0.3120000000000000E+02  0.1404479737254710E+00
 0.3160000000000000E+02  0.1404212168189415E+00
 0.3200000000000000E+02  0.1403982724450669E+00
 0.3240000000000000E+02  0.1403802646623243E+00
 0.3280000000000000E+02  0.1403674877924131E+00
 0.3320000000000000E+02  0.1403578259277424E+00
 0.3360000000000000E+02  0.1403504649342283E+00
 0.3400000000000000E+02  0.1403471359250152E+00
 0.3440000000000000E+02  0.1403479218365750E+00
 0.3480000000000000E+02  0.1403525544842804E+00
 0.3520000000000000E+02  0.1403603991158758E+00
 0.3560000000000000E+02  0.1403716574300635E+00
 0.3600000000000000E+02  0.1403856009703315E+00
 0.3640000000000000E+02  0.1404010744939061E+00
 0.3680000000000000E+02  0.1404198551339393E+00
 0.3720000000000000E+02  0.1404386699840360E+00
 0.3760000000000000E+02  0.1404591893290942E+00
 0.3800000000000000E+02  0.1404817765946716E+00
 0.3840000000000001E+02  0.1405057975294018E+00
 0.3880000000000000E+02  0.1405310000095352E+00
 0.3920000000000000E+02  0.1405560177943428E+00
 0.3960000000000000E+02  0.1405797246180859E+00
 0.4000000000000000E+02  0.1406023876246018E+00
 0.4040000000000001E+02  0.1406246869525442E+00
 0.4080000000000000E+02  0.1406477613812427E+00
 0.4120000000000000E+02  0.1406708242477529E+00
 0.4160000000000000E+02  0.1406935534723331E+00
 0.4200000000000000E+02  0.1407165520797685E+00
 0.4240000000000001E+02  0.1407401285414495E+00
 0.4280000000000000E+02  0.1407616816706255E+00
 0.4320000000000000E+02  0.1407826249784825E+00
 0.4360000000000000E+02  0.1408032128937832E+00
 0.4400000000000000E+02  0.1408233090785268E+00
 0.4440000000000001E+02  0.1408407245568101E+00
 0.4480000000000000E+02  0.1408550312975572E+00
 0.4520000000000000E+02  0.1408681651801115E+00
 0.4560000000000000E+02  0.1408836694495056E+00
 0.4600000000000000E+02  0.1408984261384532E+00
 0.4640000000000001E+02  0.1409104472958447E+00
 0.4680000000000000E+02  0.1409207649163809E+00
 0.4720000000000000E+02  0.1409323073033623E+00
 0.4760000000000000E+02  0.1409421109119292E+00
 0.4800000000000000E+02  0.1409507918955263E+00
 0.4840000000000001E+02  0.1409582346967485E+00
 0.4880000000000000E+02  0.1409649243973268E+00
 0.4920000000000000E+02  0.1409716961185865E+00
 0.4960000000000000E+02  0.1409780978468432E+00
 0.5000000000000000E+02  0.1409835727133907E+00
 0.5040000000000001E+02  0.1409885606086321E+00
 0.5080000000000000E+02  0.1409927136456165E+00
 0.5120000000000000E+02  0.1409962898596985E+00
 0.5160000000000000E+02  0.1409993391098927E+00
 0.5200000000000000E+02  0.1410016714007911E+00
 0.5240000000000001E+02  0.1410029698147972E+00
 0.5280000000000000E+02  0.1410035274436400E+00
 0.5320000000000000E+02  0.1410037780085688E+00
 0.5360000000000000E+02  0.1410044170309659E+00
 0.5400000000000000E+02  0.1410053504815335E+00
 0.5440000000000001E+02  0.1410055988935936E+00
 0.5480000000000000E+02  0.1410050346874846E+00
 0.5520000000000000E+02  0.1410042161673540E+00
 0.5560000000000000E+02  0.1410030985559040E+00
 0.5600000000000000E+02  0.1410026429882933E+00
 0.5640000000000001E+02  0.1410022091046210E+00
 0.5680000000000000E+02  0.1410019549914686E+00
 0.5720000000000000E+02  0.1410014012332385E+00
 0.5760000000000000E+02  0.1410003292593562E+00
 0.5800000000000000E+02  0.1409998451823795E+00
 0.5840000000000001E+02  0.1409996504299802E+00
 0.5880000000000000E+02  0.1409987840498220E+00
 0.5920000000000000E+02  0.1409987541692569E+00
 0.5960000000000000E+02  0.1409984339496608E+00
 0.6000000000000000E+02  0.1409982078135187E+00
 0.6040000000000001E+02  0.1409974272340475E+00
 0.6080000000000000E+02  0.1409969309322061E+00
 0.6120000000000000E+02  0.1409956115352357E+00
 0.6160000000000000E+02  0.1409945774828962E+00
 0.6200000000000000E+02  0.1409936759661382E+00
 0.6240000000000001E+02  0.1409938642742853E+00
 0.6280000000000000E+02  0.1409958429475661E+00
 0.6320000000000000E+02  0.1409967893902370E+00
 0.6360000000000000E+02  0.1409960393502799E+00
 0.6400000000000000E+02  0.1409955029075801E+00
 0.6440000000000001E+02  0.1409949418578850E+00
 0.6480000000000000E+02  0.1409954428716868E+00
 0.6520000000000000E+02  0.1409956136690980E+00
 0.6560000000000001E+02  0.1409960246984329E+00
 0.6600000000000000E+02  0.1409966580580782E+00
 0.6640000000000001E+02  0.1409976642231837E+00
 0.6680000000000000E+02  0.1409980803119766E+00
 0.6720000000000000E+02  0.1409984788375927E+00
 0.6760000000000001E+02  0.1409994534877248E+00
 0.6800000000000000E+02  0.1410004812169609E+00
 0.6840000000000001E+02  0.1410025801849937E+00
 0.6880000000000000E+02  0.1410034372224358E+00
 0.6920000000000000E+02  0.1410041598901035E+00
 0.6960000000000001E+02  0.1410052927721612E+00
 0.7000000000000000E+02  0.1410075760355752E+00
 0.7040000000000001E+02  0.1410085046577892E+00
 0.7080000000000000E+02  0.1410092709742475E+00
 0.7120000000000000E+02  0.1410095996615693E+00
 0.7160000000000001E+02  0.1410103253866797E+00
 0.7200000000000000E+02  0.1410124449211037E+00
 0.7240000000000001E+02  0.1410146403520131E+00
 0.7280000000000000E+02  0.1410157549253022E+00
 0.7320000000000000E+02  0.1410164000647232E+00
 0.7360000000000001E+02  0.1410168071908221E+00
 0.7400000000000000E+02  0.1410190219521315E+00
 0.7440000000000001E+02  0.1410221372277895E+00
 0.7480000000000000E+02  0.1410246544853559E+00
 0.7520000000000000E+02  0.1410261884305284E+00
 0.7560000000000001E+02  0.1410256304684574E+00
 0.7600000000000000E+02  0.1410250929907482E+00
 0.7640000000000001E+02  0.1410256358611974E+00
 0.7680000000000001E+02  0.1410266264799305E+00
 0.7720000000000000E+02  0.1410278726686033E+00
 0.7760000000000001E+02  0.1410295233880011E+00
 0.7800000000000000E+02  0.1410313145439334E+00
 0.7840000000000001E+02  0.1410316231832771E+00
 0.7880000000000001E+02  0.1410324236425133E+00
 0.7920000000000000E+02  0.1410332126108950E+00
 0.7960000000000001E+02  0.1410344205993479E+00
 0.8000000000000000E+02  0.1410353754406272E+00
 0.8040000000000001E+02  0.1410365335046112E+00
 0.8080000000000001E+02  0.1410367790061997E+00
 0.8120000000000000E+02  0.1410383170907455E+00
 0.8160000000000001E+02  0.1410402867452032E+00
 0.8200000000000000E+02  0.1410415076261153E+00
 0.8240000000000001E+02  0.1410408446446394E+00
 0.8280000000000001E+02  0.1410405572277771E+00
 0.8320000000000000E+02  0.1410413609871511E+00
 0.8360000000000001E+02  0.1410431151476692E+00
 0.8400000000000000E+02  0.1410443459677880E+00
 0.8440000000000001E+02  0.1410454243631652E+00
 0.8480000000000001E+02  0.1410473870652457E+00
 0.8520000000000000E+02  0.1410485519670642E+00
 0.8560000000000001E+02  0.1410488460557520E+00
 0.8600000000000000E+02  0.1410492104603431E+00
 0.8640000000000001E+02  0.1410496341636509E+00
 0.8680000000000001E+02  0.1410504650033261E+00
 0.8720000000000000E+02  0.1410515476981874E+00
 0.8760000000000001E+02  0.1410518624867189E+00
 0.8800000000000000E+02  0.1410517558306235E+00
 0.8840000000000001E+02  0.1410506916723365E+00
 0.8880000000000001E+02  0.1410509798641335E+00
 0.8920000000000000E+02  0.1410512274899242E+00
 0.8960000000000001E+02  0.1410522001341082E+00
 0.9000000000000000E+02  0.1410524660183127E+00
 0.9040000000000001E+02  0.1410530293363165E+00
 0.9080000000000001E+02  0.1410527260220683E+00
 0.9120000000000000E+02  0.1410524210891975E+00
 0.9160000000000001E+02  0.1410526645616511E+00
 0.9200000000000000E+02  0.1410535519835539E+00
 0.9240000000000001E+02  0.1410536462468160E+00
 0.9280000000000001E+02  0.1410540922656271E+00
 0.9320000000000000E+02  0.1410537691420901E+00
 0.9360000000000001E+02  0.1410545585334018E+00
 0.9400000000000000E+02  0.1410546709303824E+00
 0.9440000000000001E+02  0.1410546139868683E+00
 0.9480000000000001E+02  0.1410551531420196E+00
 0.9520000000000000E+02  0.1410562153534235E+00
 0.9560000000000001E+02  0.1410571838300443E+00
 0.9600000000000000E+02  0.1410573656408115E+00
 0.9640000000000001E+02  0.1410574131424032E+00
 0.9680000000000001E+02  0.1410578732007172E+00
 0.9720000000000000E+02  0.1410587148747551E+00
 0.9760000000000001E+02  0.1410589815597776E+00
 0.9800000000000000E+02  0.1410589514024124E+00
 0.9840000000000001E+02  0.1410586536968735E+00
 0.9880000000000001E+02  0.1410585425768689E+00
 0.9920000000000000E+02  0.1410584018685334E+00
 0.9960000000000001E+02  0.1410589392224498E+00
 0.1000000000000000E+03  0.1410593240210223E+00
 0.1004000000000000E+03  0.1410601250328539E+00
 0.1008000000000000E+03  0.1410617126924142E+00
 0.1012000000000000E+03  0.1410638730975546E+00
 0.1016000000000000E+03  0.1410646156386131E+00
 0.1020000000000000E+03  0.1410648587680854E+00
 0.1024000000000000E+03  0.1410644497119357E+00
 0.1028000000000000E+03  0.1410644592005247E+00
 0.1032000000000000E+03  0.1410655962199374E+00
 0.1036000000000000E+03  0.1410655270304956E+00
 0.1040000000000000E+03  0.1410654189645812E+00
 0.1044000000000000E+03  0.1410654373986433E+00
 0.1048000000000000E+03  0.1410661562878119E+00
 0.1052000000000000E+03  0.1410664415549838E+00
 0.1056000000000000E+03  0.1410677627682765E+00
 0.1060000000000000E+03  0.1410681479624123E+00
 0.1064000000000000E+03  0.1410686800954093E+00
 0.1068000000000000E+03  0.1410682991979430E+00
 0.1072000000000000E+03  0.1410689071338413E+00
 0.1076000000000000E+03  0.1410687510589158E+00
 0.1080000000000000E+03  0.1410687531444873E+00
 0.1084000000000000E+03  0.1410689209392733E+00
 0.1088000000000000E+03  0.1410689232972742E+00
 0.1092000000000000E+03  0.1410689607951182E+00
 0.1096000000000000E+03  0.1410692412190686E+00
 0.1100000000000000E+03  0.1410708043334428E+00
 0.1104000000000000E+03  0.1410729154631390E+00
 0.1108000000000000E+03  0.1410734506358640E+00
 0.1112000000000000E+03  0.1410741971105728E+00
 0.1116000000000000E+03  0.1410746403359027E+00
 0.1120000000000000E+03  0.1410742803624291E+00
 0.1124000000000000E+03  0.1410738597158669E+00
 0.1128000000000000E+03  0.1410730809111047E+00
 0.1132000000000000E+03  0.1410731218157595E+00
 0.1136000000000000E+03  0.1410733671148706E+00
 0.1140000000000000E+03  0.1410732319511130E+00
 0.1144000000000000E+03  0.1410732082266052E+00
 0.1148000000000000E+03  0.1410743991419011E+00
 0.1152000000000000E+03  0.1410754671230892E+00
 0.1156000000000000E+03  0.1410755912049994E+00
 0.1160000000000000E+03  0.1410753485072598E+00
 0.1164000000000000E+03  0.1410754619148538E+00
 0.1168000000000000E+03  0.1410760883190927E+00
 0.1172000000000000E+03  0.1410760373897606E+00
 0.1176000000000000E+03  0.1410760091352048E+00
 0.1180000000000000E+03  0.1410760029778547E+00
 0.1184000000000000E+03  0.1410759551185672E+00
 0.1188000000000000E+03  0.1410763102902332E+00
 0.1192000000000000E+03  0.1410765458227146E+00
 0.1196000000000000E+03  0.1410763683715197E+00
 0.1200000000000000E+03  0.1410761975261571E+00
 0.1204000000000000E+03  0.1410754216887419E+00
 0.1208000000000000E+03  0.1410747253808719E+00
 0.1212000000000000E+03  0.1410724072672924E+00
 0.1216000000000000E+03  0.1410697799508694E+00
 0.1220000000000000E+03  0.1410668387316200E+00
 0.1224000000000000E+03  0.1410627685463968E+00
 0.1228000000000000E+03  0.1410566692996421E+00
 0.1232000000000000E+03  0.1410609745105155E+00
 0.1236000000000000E+03  0.1411609027233195E+00
 0.1240000000000000E+03  0.1412389867496896E+00
 0.1244000000000000E+03  0.1413555227709867E+00
 0.1248000000000000E+03  0.1415326810724547E+00
 0.1252000000000000E+03  0.1418073163322622E+00
 0.1256000000000000E+03  0.1422368566880765E+00
 0.1260000000000000E+03  0.1429062109177262E+00
 0.1264000000000000E+03  0.1439325490010958E+00
 0.1268000000000000E+03  0.1455645550856707E+00
 0.1272000000000000E+03  0.1480658608849565E+00
 0.1276000000000000E+03  0.1514108550133728E+00
 0.1280000000000000E+03  0.1554079497625116E+00
 0.1284000000000000E+03  0.1622429071448304E+00
 0.1288000000000000E+03  0.1728782649685045E+00
 0.1292000000000000E+03  0.1889240975108240E+00
 0.1296000000000000E+03  0.2126619712501729E+00
 0.1300000000000000E+03  0.2469538194891656E+00
 0.1304000000000000E+03  0.2948131505838727E+00
 0.1308000000000000E+03  0.3583213419132039E+00
 0.1312000000000000E+03  0.4367427529767856E+00
 0.1316000000000000E+03  0.5244643529910881E+00
 0.1320000000000000E+03  0.6107101653434985E+00
 0.1324000000000000E+03  0.6831118000664282E+00
 0.1328000000000000E+03  0.7336880379975516E+00
 0.1332000000000000E+03  0.7618941354558822E+00
 0.1336000000000000E+03  0.7724492971572441E+00
 0.1340000000000000E+03  0.7713877157892844E+00
 0.1344000000000000E+03  0.7636362508184736E+00
 0.1348000000000000E+03  0.7525701731317092E+00
 0.1352000000000000E+03  0.7406389145913991E+00
 0.1356000000000000E+03  0.7285567867101084E+00
 0.1360000000000000E+03  0.7163926454262340E+00
 0.1364000000000000E+03  0.7046987279821102E+00
 0.1368000000000000E+03  0.6936856706906034E+00
 0.1372000000000000E+03  0.6834038445732504E+00
 0.1376000000000000E+03  0.6738366117895872E+00
 0.1380000000000000E+03  0.6649405648829784E+00
 0.1384000000000000E+03  0.6566697665818032E+00
 0.1388000000000000E+03  0.6489751965676277E+00
 0.1392000000000000E+03  0.6418111815353796E+00
 0.1396000000000000E+03  0.6351359320155349E+00
 0.1400000000000000E+03  0.6289114463747858E+00
 0.1404000000000000E+03  0.6231032154610503E+00
 0.1408000000000000E+03  0.6176798841967059E+00
 0.1412000000000000E+03  0.6126129241725026E+00
 0.1416000000000000E+03  0.6078763346196072E+00
 0.1420000000000000E+03  0.6034463757132772E+00
 0.1424000000000000E+03  0.5993013331506390E+00
 0.1428000000000000E+03  0.5954213111583706E+00
 0.1432000000000000E+03  0.5917880506164641E+00
 0.1436000000000000E+03  0.5883847690686955E+00
 0.1440000000000000E+03  0.5851960196936566E+00
 0.1444000000000000E+03  0.5822075666759450E+00
 0.1448000000000000E+03  0.5794062747738785E+00
 0.1452000000000000E+03  0.5767800111996534E+00
 0.1456000000000000E+03  0.5743175582034935E+00
 0.1460000000000000E+03  0.5720085349877123E+00
 0.1464000000000000E+03  0.5698433277753461E+00
 0.1468000000000000E+03  0.5678130270267523E+00
 0.1472000000000000E+03  0.5659093709410042E+00
 0.1476000000000000E+03  0.5641246945008396E+00
 0.1480000000000000E+03  0.5624518834234299E+00
 0.1484000000000000E+03  0.5608843324669666E+00
 0.1488000000000000E+03  0.5594159076173483E+00
 0.1492000000000000E+03  0.5580409117421630E+00
 0.1496000000000000E+03  0.5567540533525295E+00
 0.1500000000000000E+03  0.5555504181587613E+00
 0.1504000000000000E+03  0.5544254431445926E+00
 0.1508000000000000E+03  0.5533748929179673E+00
 0.1512000000000000E+03  0.5523948381250583E+00
 0.1516000000000000E+03  0.5514816357390155E+00
 0.1520000000000000E+03  0.5506319110565171E+00
 0.1524000000000000E+03  0.5498425412540611E+00
 0.1528000000000000E+03  0.5491106403724609E+00
 0.1532000000000000E+03  0.5484335456125481E+00
 0.1536000000000000E+03  0.5478088048379366E+00
 0.1540000000000000E+03  0.5472341651920849E+00
 0.1544000000000000E+03  0.5467075627470158E+00
 0.1548000000000000E+03  0.5462271131100974E+00
 0.1552000000000000E+03  0.5457911029233935E+00
 0.1556000000000000E+03  0.5453979821973797E+00
 0.1560000000000000E+03  0.5450463574274175E+00
 0.1564000000000000E+03  0.5447349854473622E+00
 0.1568000000000000E+03  0.5444627679801465E+00
 0.1572000000000000E+03  0.5442287468501911E+00
 0.1576000000000000E+03  0.5440320998271274E+00
 0.1580000000000000E+03  0.5438721370746107E+00
 0.1584000000000000E+03  0.5437482981820276E+00
 0.1588000000000000E+03  0.5436601497606902E+00
 0.1592000000000000E+03  0.5436073835897088E+00
 0.1596000000000000E+03  0.5435898153001861E+00
